1 1586
2 911
3 3484
4 2728
5 116
6 3205
7 505
8 67
9 4194
10 1726
11 2401
12 2156
13 937
14 1179
15 3323
16 1877
17 2335
18 921
19 1722
20 1493
21 590
22 3289
23 904
24 2830
25 1895
26 1095
27 1214
28 1140
29 2078
30 752
31 1246
32 1102
33 289
34 959
35 1766
36 632
37 2683
38 550
39 2633
40 1261
41 1510
42 221
43 397
44 1918
45 1824
46 940
47 2960
48 919
49 1146
50 1347
51 111
52 1084
53 469
54 2126
55 921
56 1925
57 731
58 1825
59 696
60 985
61 995
62 3254
63 3601
64 322
65 1294
66 1568
67 173
68 531
69 126
70 153
71 1163
72 624
73 460
74 824
75 1928
76 817
77 306
78 2469
79 123
80 838
81 1464
82 1977
83 2668
84 777
85 978
86 790
87 1994
88 970
89 1271
90 605
91 1849
92 116
93 819
94 1042
95 471
96 297
97 134
98 228
99 51
100 2185
101 1337
102 2298
103 3121
104 2425
105 1225
106 1382
107 465
108 699
109 1767
110 1101
111 229
112 1014
113 907
114 138
115 2037
116 987
117 1128
118 488
119 4903
120 165
121 260
122 220
123 3237
124 143
125 371
126 1444
127 2222
128 1140
129 796
130 1570
131 1035
132 5097
133 1650
134 3387
135 857
136 1920
137 409
138 254
139 614
140 567
141 1781
142 314
143 1707
144 2598
145 3505
146 867
147 1922
148 2488
149 871
150 986
151 1066
152 4832
153 2240
154 1443
155 1879
156 1183
157 734
158 971
159 355
160 1227
161 868
162 633
163 1616
164 389
165 1496
166 1354
167 898
168 984
169 402
170 266
171 764
172 513
173 718
174 1170
175 1032
176 1732
177 1283
178 820
179 409
180 1616
181 468
182 453
183 399
184 511
185 511
186 864
187 523
188 194
189 1682
190 1418
191 863
192 2151
193 2424
194 3610
195 764
196 2154
197 1714
198 1045
199 1726
200 880
201 696
202 1220
203 1685
204 1880
205 669
206 2174
207 1832
208 595
209 2593
210 481
211 797
212 215
213 1133
214 120
215 365
216 902
217 1059
218 425
219 820
220 704
221 2936
222 323
223 916
224 345
225 482
226 3032
227 2506
228 1524
229 2153
230 1742
231 1437
232 1489
233 3342
234 1234
235 7988
236 2510
237 663
238 474
239 1599
240 1803
241 1562
242 510
243 132
244 1241
245 973
246 982
247 1910
248 2378
249 1341
250 259
251 647
252 326
253 291
254 888
255 844
256 584
257 1094
258 483
259 225
260 744
261 883
262 847
263 429
264 2034
265 871
266 967
267 992
268 1308
269 388
270 1700
271 827
272 1784
273 725
274 322
275 1737
276 1225
277 1507
278 335
279 2175
280 1113
281 432
282 516
283 292
284 1227
285 745
286 258
287 2775
288 4274
289 1120
290 273
291 2640
292 533
293 2677
294 763
295 1203
296 1623
297 1068
298 940
299 1457
300 1818
301 1789
302 94
303 546
304 1287
305 509
306 653
307 292
308 759
309 588
310 708
311 1344
312 383
313 1274
314 498
315 245
316 1363
317 282
318 435
319 1300
320 779
321 2056
322 661
323 280
324 550
325 204
326 474
327 105
328 305
329 717
330 2409
331 337
332 996
333 686
334 260
335 804
336 100
337 172
338 862
339 316
340 2337
341 1455
342 2316
343 2984
344 1323
345 1253
346 523
347 537
348 435
349 247
350 2037
351 1412
352 510
353 679
354 976
355 1847
356 595
357 81
358 1416
359 640
360 2766
361 1387
362 2830
363 1132
364 131
365 431
366 2539
367 2346
368 323
369 435
370 421
371 2633
372 1074
373 62
374 960
375 298
376 739
377 1257
378 959
379 1030
380 1968
381 1400
382 1716
383 1101
384 679
385 874
386 1582
387 3849
388 2674
389 239
390 617
391 3232
392 455
393 2271
394 985
395 1064
396 1459
397 762
398 541
399 2744
400 682
401 2850
402 820
403 242
404 1185
405 358
406 523
407 1207
408 378
409 2657
410 419
411 367
412 1648
413 1059
414 1710
415 1425
416 772
417 428
418 3459
419 593
420 1052
421 316
422 3463
423 2672
424 1560
425 248
426 2875
427 417
428 1129
429 1433
430 167
431 2729
432 474
433 773
434 237
435 1624
436 214
437 977
438 997
439 724
440 856
441 483
442 249
443 349
444 2517
445 895
446 644
447 139
448 3051
449 1667
450 328
451 379
452 1495
453 809
454 1777
455 560
456 480
457 1395
458 1413
459 313
460 756
461 748
462 976
463 1714
464 1486
465 893
466 144
467 254
468 3700
469 442
470 501
471 301
472 259
473 915
474 1742
475 4328
476 701
477 1521
478 476
479 770
480 2353
481 1728
482 393
483 1579
484 2350
485 2347
486 676
487 1847
488 1538
489 289
490 138
491 150
492 4699
493 1456
494 1109
495 369
496 918
497 1476
498 568
499 1006
500 512
501 790
502 674
503 947
504 391
505 152
506 879
507 1228
508 446
509 465
510 97
511 1645
512 2267
513 139
514 880
515 381
516 4097
517 1831
518 585
519 1871
520 194
521 2083
522 1244
523 282
524 502
525 1084
526 7419
527 2059
528 1608
529 1400
530 586
531 1621
532 943
533 741
534 666
535 452
536 2133
537 392
538 95
539 1127
540 1241
541 1295
542 333
543 657
544 451
545 323
546 211
547 829
548 749
549 53
550 47
551 363
552 634
553 334
554 1842
555 168
556 461
557 259
558 386
559 184
560 335
561 175
562 369
563 316
564 94
565 50
566 460
567 102
568 1311
569 816
570 705
571 3321
572 592
573 4450
574 2678
575 1665
576 881
577 1262
578 1090
579 2283
580 2859
581 1242
582 1203
583 752
584 1370
585 190
586 576
587 1715
588 424
589 346
590 763
591 3091
592 784
593 641
594 1124
595 377
596 1792
597 109
598 477
599 137
600 1451
601 1563
602 1205
603 1503
604 406
605 1808
606 185
607 339
608 484
609 601
610 677
611 441
612 844
613 1106
614 2706
615 326
616 707
617 780
618 3948
619 195
620 2703
621 2048
622 1952
623 629
624 1140
625 1574
626 1406
627 973
628 2251
629 1643
630 4168
631 1329
632 1675
633 1671
634 354
635 1690
636 853
637 770
638 2056
639 844
640 2232
641 1245
642 1645
643 3918
644 1845
645 386
646 3290
647 1509
648 2375
649 1191
650 584
651 180
652 638
653 855
654 437
655 182
656 1692
657 167
658 3433
659 860
660 494
661 1258
662 1785
663 152
664 1498
665 513
666 1077
667 324
668 1695
669 1027
670 2398
671 3065
672 985
673 1737
674 2127
675 1173
676 1770
677 2522
678 685
679 967
680 117
681 1264
682 2533
683 884
684 1637
685 992
686 326
687 378
688 309
689 205
690 223
691 101
692 513
693 796
694 2557
695 1084
696 1596
697 529
698 1230
699 307
700 1263
701 501
702 456
703 571
704 1519
705 1283
706 2734
707 525
708 1195
709 607
710 214
711 340
712 1643
713 1100
714 783
715 3352
716 2412
717 5067
718 2955
719 103
720 663
721 1571
722 1227
723 2294
724 1404
725 658
726 1483
727 164
728 518
729 209
730 400
731 1035
732 2380
733 2282
734 321
735 1994
736 553
737 771
738 394
739 1023
740 973
741 1031
742 318
743 470
744 4572
745 2037
746 160
747 109
748 748
